00010001110001010100
00101001111101110011
00100110111101111100
11110011011111101101
00101001101110000100
11100111001110100111
11010001111111000011
11111111010000101100
00000000100001001100
00001011101101110011
00111100011111110101
11110100110000000111
11001110011111101110
00100011100000011110
00010111110010100010
00000101001111001110
00000000101101111111
11001010011111101010
11001101011110111110
11111101010001001000
11100111100011000101
11111010101111000010
00001000101110010110
11111011011110101010
11111111011111000100
00011011001110111110
00100111110010010011
11110101001111010010
11011110100000010001
00100011111111101001
00100111110010111000
11111001011111010010
00010100010011100101
00100011010000001101
00101000111110010001
11111011001111011000
11110001010000110011
00001001011110001100
00010111111101101000
00000111100000110111
11111011100000000010
00001101011110110010
00101100000010011111
11110011011111010110
